1.722971
1.210351
0.135677
1.271861
1.289016
0.869925
0.365627
0.772316
1.358841
1.119349
0.742714
0.064244
1.157144
0.942491
1.510635
1.053477
1.688574
1.108832
0.946735
0.504840
0.803486
1.166455
1.110072
0.720685
1.240660
1.155638
0.647870
0.329348
0.796077
0.642123
1.162279
0.378006
0.755335
0.960593
1.609566
1.315305
1.329875
1.588927
1.219795
0.082333
1.740133
0.910345
1.449470
0.792008
1.022052
1.397941
0.854615
1.447601
1.013955
1.244847
1.591763
0.374541
1.312754
1.781245
0.199947
1.483120
1.144170
0.794446
1.093468
0.605516
1.264309
0.707303
0.954257
1.748674
1.639982
1.366390
1.413560
0.533068
0.753800
1.771439
1.509335
0.605341
0.612525
1.201048
1.080306
0.978200
0.386591
0.683670
0.470023
0.996744
0.571735
1.127387
0.328636
0.336237
1.039409
1.191128
1.227520
0.208332
1.029724
0.972362
1.077483
1.562035
1.372863
0.399942
1.030940
1.032190
0.645482
0.948074
1.058567
1.337232
0.289699
1.173881
0.939819
0.562111
0.917502
0.958648
0.216117
0.986072
1.389190
1.236602
0.522770
0.690762
0.502321
0.746601
0.849728
0.946273
0.674526
1.475090
1.761289
0.596910
1.203149
0.693006
1.266619
1.827726
1.613510
0.852787
0.258917
1.111431
1.252247
1.755668
1.727175
1.586370
0.393942
1.027736
0.357650
1.123444
0.754464
0.548374
1.561556
0.821559
0.768636
1.104204
0.928650
0.685856
1.057424
0.541342
1.133091
0.783583
0.979177
1.593560
1.119012
1.052503
0.640799
1.358241
0.427512
0.471723
1.079195
1.151927
0.165341
1.381353
1.679167
1.847339
1.621453
1.102961
1.009281
1.600462
0.487316
0.416231
0.485696
0.756712
0.501393
1.128983
1.299297
0.772599
1.165020
1.172908
1.067104
0.974894
1.164534
1.441623
1.717786
1.089417
0.909974
1.147440
0.687741
1.483640
1.155966
0.928129
1.016486
0.966964
0.755278
0.742780
0.888280
0.686066
1.230071
0.616233
0.918377
0.871220
0.670806
1.138923
0.308397
0.558165
0.405444
0.767488
1.257819
0.205530
1.270473
1.125219
0.987248
1.294111
1.255672
0.903090
1.043844
0.337704
0.615878
1.511514
0.941971
1.400320
0.749821
1.761665
0.451081
1.512883
0.599671
0.739353
1.189958
1.312932
1.038174
0.782621
0.534331
0.608717
0.856158
1.174688
0.719565
1.243990
1.466350
1.002698
0.980981
1.586308
1.732137
1.597693
1.274637
0.570724
0.691472
1.663180
0.778070
0.585644
0.973526
1.296049
1.338814
0.620032
1.240663
0.290392
0.942090
1.840058
1.554076
1.218914
1.830542
0.179402
1.165055
0.461674
1.321584
0.974970
1.408867
1.518194
1.260133
1.363262
1.527646
1.163482
0.393760
1.656896
1.133877
1.015792
0.323142
0.205611
1.238825
0.654940
0.788708
0.339078
0.223023
1.057144
1.264032
1.823517
1.028208
0.642299
0.613448
1.067351
0.303742
0.690899
0.677641
0.331647
1.631900
0.651924
1.612052
0.902158
1.012059
1.645129
0.738598
1.171506
0.350452
0.919608
0.150961
1.381831
1.309268
1.290590
1.035115
0.289787
0.705745
0.945759
0.624517
0.334166
0.761011
0.478491
1.132581
0.677685
0.730697
0.589779
0.305535
1.104542
1.516547
1.044789
0.310160
1.250588
1.444176
1.616938
1.428929
0.938188
1.349998
0.626771
1.118124
0.989366
0.690302
0.764006
0.314732
0.545825
0.637311
0.821104
1.222401
1.855378
1.739378
1.057879
1.161216
0.836248
0.521857
1.212767
0.321309
0.897191
0.982152
0.894823
1.004742
1.543730
1.253744
1.952168
1.484603
0.986164
0.872925
1.086010
0.544156
1.166739
1.431166
0.870466
0.228206
0.345260
0.588895
1.226041
1.878028
0.541984
0.987471
0.782385
0.972932
0.927290
0.907728
0.525767
1.088975
0.686045
0.734735
1.195304
0.188852
1.106906
1.112886
0.831854
1.149617
0.594363
0.794045
1.209384
0.825138
1.276073
0.831159
0.818982
1.027959
1.471245
0.601714
1.122315
1.116012
1.291304
1.710318
0.227692
0.612929
0.901013
1.250407
1.538642
0.869146
0.899453
0.278059
1.491534
0.531274
1.420853
0.243876
1.271513
0.911809
1.536240
1.397524
1.597909
0.882374
0.415162
0.687876
0.804765
0.967966
0.900742
0.860131
0.901360
0.198652
0.909601
0.723164
0.836707
0.755099
1.167179
0.560645
0.970048
1.261805
0.667654
1.786707
1.485336
0.402214
0.558800
1.081416
0.229441
0.626992
1.539230
0.457056
1.445876
0.823202
0.905853
0.902998
0.178776
0.931563
0.918041
0.946060
1.157986
1.473612
0.298387
0.349092
0.527061
0.952109
1.756884
1.387884
0.039649
1.701448
1.280348
1.154220
0.935186
0.773332
0.829418
0.882215
1.024712
1.336206
1.010288
1.124620
1.399559
0.605588
0.546560
0.733302
1.668758
1.128975
0.606169
0.902957
0.249714
0.883305
0.449316
1.491508
0.397687
1.195656
0.626189
1.054921
1.035912
0.810625
1.767151
1.788293
0.973440
1.540600
0.308650
0.659602
1.012243
1.233596
1.122721
1.586210
1.719455
0.825515
0.711490
1.196107
0.933487
0.797629
0.957567
0.994194
0.898528
0.382697
0.911601
1.107994
1.030039
0.784248
0.558449
0.693290
1.698230
3.553513
1.389753
1.300732
1.733535
2.610601
1.844895
1.774494
2.290511
2.618974
2.482611
2.270360
1.227726
1.550904
2.599388
2.644513
2.069269
2.011715
1.314443
2.185560
1.159781
1.592194
1.505533
1.333096
1.777828
2.504692
2.979155
1.676078
0.971646
1.409525
1.709474
1.466022
1.068905
1.432977
1.292240
3.241466
1.967229
2.941927
2.491085
2.231854
1.727463
2.478731
2.081851
1.799922
1.711616
1.173013
2.779772
2.163882
2.738191
2.049070
1.534634
2.297507
1.320300
1.937271
2.115412
0.960959
1.961611
2.276751
1.472130
1.824165
1.195296
1.569844
1.811845
2.470804
2.793463
1.950142
2.616979
2.857736
2.150006
2.182729
2.709627
2.859333
1.232112
1.730649
2.190414
1.770609
1.742206
0.701323
1.229495
1.107334
1.817849
1.794136
2.982764
2.068014
1.394116
2.200625
2.027376
1.749377
1.421099
1.351033
1.869553
2.059635
2.456858
2.377605
1.943672
2.284685
2.984358
2.130086
1.934238
1.931492
2.423242
0.833856
2.340620
2.370985
1.432576
1.145709
1.303908
0.805012
2.212113
3.267219
1.778586
1.510240
1.473147
1.475253
1.673891
1.757456
1.472040
1.763501
2.161135
2.496024
1.792214
1.392001
1.799911
2.379505
2.659580
2.763127
1.447149
1.052962
2.320815
2.077386
3.031741
2.558334
2.405351
1.421900
2.498981
0.959364
2.245759
1.870476
1.839678
3.271873
1.049250
1.381565
2.005217
2.179057
2.224498
1.926570
1.440796
1.411150
2.275118
1.510451
3.014413
1.362888
2.324016
1.552607
2.894482
1.825036
2.069632
1.961569
1.567088
0.853217
2.186118
2.647134
2.748081
2.481584
2.004322
1.207933
2.510063
1.210480
1.252938
1.240795
1.923891
1.062038
2.099031
2.561102
1.440252
2.951727
2.658244
1.469318
1.533694
2.245950
1.671064
2.344778
2.628648
1.367031
2.593316
1.510944
2.389493
2.058964
1.106905
1.948050
1.885004
1.701338
1.900766
2.361892
0.984452
1.579164
1.143294
1.870486
2.628104
2.058689
1.178572
2.009845
1.838513
1.559664
1.702674
2.031151
1.034948
2.152689
2.149931
2.323455
2.304399
2.380292
2.302649
1.649433
0.884264
1.349180
3.180273
2.070946
2.006489
1.652778
2.011379
1.334386
1.962199
2.091179
1.137040
2.385614
1.939120
2.093094
1.818533
1.344956
2.375868
2.644451
2.148128
2.260165
1.552640
2.125951
2.014941
2.214578
2.709029
3.318347
3.317148
2.100152
1.282214
1.887579
2.596667
1.575699
1.543211
1.967720
2.194578
1.721511
1.531634
2.348656
1.320431
1.726337
2.398507
2.247366
2.917144
0.459559
0.753440
-0.636913
-1.201514
-0.826910
-0.586992
0.467168
-0.203241
-0.146160
1.356578
-0.011893
0.150994
-0.604745
0.578481
0.806250
0.688277
0.279689
0.653814
0.839627
0.348650
0.404728
0.284093
-0.925794
0.340204
0.321919
0.960984
0.405217
-0.925588
-0.779353
-0.549551
0.981737
0.608941
0.411128
-0.424080
0.491860
-0.262220
-0.481643
-0.386075
0.857672
-0.537684
-0.464705
-0.239209
-0.419133
-0.336198
-0.891088
0.363801
-0.065254
-0.045477
0.637750
-0.028152
-0.607962
0.001388
-0.289382
0.528320
-0.974777
0.074473
-0.083280
-1.294603
-0.249593
-0.225071
-0.815486
-0.521609
0.690492
-0.205773
-0.372838
-0.212923
-0.711906
-0.312343
0.202282
-0.352915
-0.735914
-0.531535
1.059510
0.547915
0.733617
-0.456059
-0.233859
0.926677
-1.266894
-0.121827
0.446757
-0.669696
0.449293
0.269790
-0.177450
-0.485357
0.631030
0.134588
0.694385
-0.653973
-0.415443
-0.931516
0.550024
-0.242625
-0.110736
-0.823724
-0.129735
-0.525569
0.124681
0.096316
-0.271459
-0.180844
0.027320
0.442464
-1.220214
0.763540
-0.565918
1.308992
1.037063
-0.416118
-1.300542
0.050378
1.230653
-0.221086
-0.827422
0.862674
-0.510043
0.584107
-0.229785
0.243429
0.709757
0.753856
-0.574269
0.636310
-0.543474
-0.283350
-0.405648
0.203187
0.489164
-0.016902
0.233391
-0.326071
0.165790
1.184972
0.478621
-0.039817
-0.290137
0.376361
-0.156261
-0.096599
0.485287
0.391038
-1.018728
-0.053734
-0.154713
1.519096
-0.754261
0.734571
-0.836155
0.516490
-0.626586
-0.318572
-0.521690
-0.565013
-1.131198
1.091831
0.642674
0.135846
-0.535546
0.850305
-0.854120
0.373341
1.114478
-0.168384
0.007988
-0.789378
0.183583
-0.427272
0.109857
-0.500038
-0.020684
-0.206649
0.360472
0.268285
-0.381798
0.547013
-0.366095
0.577439
1.012058
0.003705
-0.544002
0.498366
0.545762
-0.872933
0.987472
-0.903952
-0.214063
-0.637255
-0.496432
-0.733299
-0.472276
-0.521947
-0.180421
-0.242432
0.406390
-0.097085
0.064090
0.420601
-0.013198
0.481483
0.368586
0.395402
-0.573316
-0.821056
-0.284099
0.583134
-0.739281
-0.191673
0.825439
-0.127714
-0.558045
-1.198095
0.899931
-0.320799
0.093083
0.295178
-0.569852
0.298374
0.465318
-0.098744
-0.150384
-0.470461
-0.114828
0.386502
0.498681
0.082093
0.276126
-0.629370
0.233795
-0.013565
-0.399915
-0.458223
-0.498712
0.383275
0.552861
-0.770022
0.554330
0.612794
0.413783
0.079704
-0.160815
-0.686907
0.359896
-0.103716
0.841220
-0.073534
-0.813732
-0.226204
0.239373
-0.740950
0.301047
-0.126536
1.250650
0.339753
-0.251324
-0.085391
5.630899
4.421494
3.859066
4.138886
4.032501
4.343876
2.733857
4.536270
4.489450
4.322289
5.542233
2.276976
2.932469
4.604605
4.823570
4.293767
3.938285
2.755238
3.596710
3.434898
3.102644
4.519946
2.695983
4.101844
4.057300
5.873636
3.501114
3.041279
3.371094
3.276563
2.319239
3.255023
4.080110
4.040321
5.723050
3.971550
4.149860
5.001149
3.442334
2.980401
3.719526
4.005742
2.861960
3.810647
3.734115
4.220024
5.115609
5.396435
3.518388
3.068328
4.543458
2.991365
4.282049
4.744059
2.327989
4.554927
3.787695
3.861624
3.883129
2.302200
3.517893
3.696849
4.172143
4.694230
4.312034
3.601431
4.436899
3.293300
4.053215
5.337731
4.918023
2.410684
3.740494
4.028927
3.330273
3.444880
2.732474
2.264443
3.260022
3.967780
4.117591
5.287164
4.448306
3.696765
3.850058
2.911641
3.098556
4.601372
3.421979
3.876043
3.712413
4.468237
3.711991
3.905871
4.375864
4.121398
4.515700
3.873359
4.024586
4.241776
2.178811
4.716488
5.015436
3.580704
3.405873
2.856549
2.930963
4.227054
5.481796
4.487615
4.828587
4.790295
3.575405
2.956105
3.645034
4.068707
3.339199
3.704346
4.463744
3.986791
3.113512
3.331545
4.728161
3.980010
4.489464
3.845657
3.300328
5.237959
0.252359
1.699849
-1.867149
-0.122440
0.100361
-0.230736
-1.783904
-0.411635
0.071187
0.113168
-1.564636
-0.307402
0.461374
-0.402405
0.133887
0.257272
0.398673
0.364170
0.041301
0.221943
-0.631473
-0.766969
0.861739
0.749481
0.253729
-0.415190
0.498902
0.200784
0.270169
0.232348
1.220408
-0.330064
0.116140
-0.350827
-0.469804
0.883026
-1.240151
0.631460
0.584965
-1.531204
-0.056325
-0.747596
1.015593
-0.192827
0.576272
-0.171865
0.443634
0.517639
0.436260
0.041005
0.437868
-1.631072
0.792957
0.130988
0.117216
0.311301
-0.549411
-0.777865
0.675724
-0.639529
0.631254
-1.538496
-0.243633
0.524056
1.339861
-0.535132
0.223977
-1.302769
-0.878861
0.885522
0.577733
-1.194206
0.062906
0.225933
0.367283
0.231129
0.355647
0.822590
-0.169525
0.120065
0.337529
-0.750305
-2.136019
-0.432244
-1.133874
1.373001
0.375324
-0.782454
1.083181
-0.388536
0.143179
-0.980614
0.359451
-1.364500
0.588494
-0.164078
-1.540459
-0.748211
-1.102483
0.052215
0.124865
-0.089997
1.101680
-0.259434
0.946386
-0.324248
-0.659387
-0.019611
0.697976
-0.190060
0.681870
-0.214206
-0.861815
-0.431908
0.484833
-0.566194
-0.382673
-0.489882
-0.099890
-0.027064
-0.719738
-0.132698
-0.477052
1.714073
0.083758
-0.299840
-0.731193
0.734993
0.948723
0.736538
-0.403521
-1.527584
-0.661120
0.597980
0.945789
-0.243058
-0.436298
1.732939
-0.168154
0.054396
-0.119457
0.969519
-0.212478
0.634543
0.124976
2.172911
0.085367
1.083221
-0.431427
0.800583
-1.552380
0.021632
-0.199771
0.395971
-0.725981
0.166243
-0.136678
-0.413705
0.446191
1.459246
-0.442992
-0.050739
1.606338
-0.430604
-0.473655
-1.175453
1.041255
-0.964957
-0.354849
-0.739247
-0.439817
-0.542847
-0.530616
0.632086
-0.447052
0.501536
0.271654
0.549287
0.404096
0.005093
-0.833383
1.026687
-0.429015
-0.798460
0.904191
-2.198555
-0.463656
-0.862326
-1.311919
-1.254908
0.218216
-0.727720
-0.553259
-0.455355
-0.305516
-0.409428
0.266371
0.067686
-0.749112
-0.050052
1.428095
0.943318
0.160302
-1.277115
-0.517957
1.509811
-2.006174
-0.313500
1.272196
-0.797410
-0.108752
-0.928305
0.722481
-0.806155
0.724114
0.429766
0.124533
-0.355599
0.049875
-1.030260
0.399639
-0.713086
-0.225564
-0.437221
0.368946
-0.443476
0.400807
-0.533054
-0.037663
-0.194409
-0.372594
-0.015759
-1.718926
1.146815
-0.013057
0.538969
1.591393
0.196676
-0.886759
0.130082
1.069838
-0.907994
-0.467526
0.758958
0.331177
0.510573
-1.043517
0.017225
0.949131
0.012906
-0.273221
0.509774
0.707176
0.056402
-0.656972
0.117796
-0.579772
0.787210
0.660013
0.443086
0.426474
-0.872255
-0.080733
-0.954960
-0.883337
-0.191041
0.766596
0.952770
-0.713537
0.107622
-0.489700
-0.228358
1.225783
1.791273
0.893772
0.550184
-0.288027
0.749709
-0.131934
-1.137664
0.377753
-0.490442
-1.883657
1.255260
-0.844886
1.716100
-0.058836
-0.911620
0.668627
-1.686963
0.126104
-0.058374
-0.604441
-0.312443
0.549363
-0.761372
0.771705
-1.580765
1.388697
-0.383987
-1.576064
-0.898854
-0.068877
-1.623694
1.922956
-0.708659
0.852470
0.759541
-1.249842
0.224408
0.533451
1.234623
-0.359499
-1.226922
-1.577009
1.484842
-0.329450
0.782162
-0.260745
0.904686
-0.746804
0.624937
0.544898
-0.704941
-0.406105
0.420791
0.573158
-0.558383
-0.289605
-0.482442
1.459329
0.487653
-0.618170
0.323788
0.275867
-0.648806
-1.666088
-0.935830
-0.084568
-1.501828
-0.209842
1.639782
0.671207
0.067043
-0.808297
1.996557
1.037219
0.114856
-0.218373
0.724680
1.475177
-0.872661
0.352518
1.296210
0.192140
-0.092991
0.069834
0.905992
1.275438
-1.227558
-0.180547
-0.438563
0.156470
-0.695482
1.226701
-0.598656
0.688932
1.020285
0.521977
-1.167997
1.027078
1.134458
-0.798303
0.986136
0.362893
0.407608
-0.128887
-1.252415
-0.112781
1.187594
0.864051
-0.206283
0.954040
-0.462611
9.942932
8.022925
8.295966
7.432186
8.085717
9.681606
7.651880
6.946954
8.229943
8.351216
8.872506
5.721856
5.664943
6.869048
8.083592
8.261547
8.055876
8.042402
8.045016
7.131664
6.952703
7.431587
5.794540
8.703216
7.479279
9.749679
7.213526
7.509516
7.083085
7.182433
6.695103
7.376421
8.595810
7.913680
9.747636
8.213326
6.328671
9.717636
8.457771
6.561105
7.125399
6.862291
5.792923
8.037701
9.215911
8.707639
9.944196
10.186730
7.093793
6.024433
8.188492
7.060071
7.621248
8.448405
6.791733
8.541718
6.901207
7.193169
8.611290
6.282211
8.007358
7.542506
7.472471
9.932189
2.641007
-2.528889
0.154365
0.109668
2.970958
-0.924375
1.826081
0.477119
-0.273412
0.555125
-0.629172
-1.198129
0.134978
0.070149
0.318669
-0.073000
0.817579
-0.584454
0.338295
0.104593
-0.922874
-1.135699
-1.073867
0.385340
1.205960
0.331197
0.686102
-0.065635
-1.613291
-1.066656
-0.007214
-2.338067
-1.998634
-1.242803
1.577648
-0.545541
0.786633
-0.482993
-0.634957
1.822671
0.262893
1.621889
0.415690
-0.067662
0.313233
2.373014
0.135405
2.509572
1.134134
-0.950875
-0.175375
0.723591
-0.795596
-0.488503
-0.200034
-1.055282
2.360968
0.157023
0.877389
-3.166921
-3.229033
1.564402
0.123837
2.242084
1.592220
1.164717
-1.643172
-1.425209
-0.778501
0.654786
-1.206171
-1.605842
0.134093
0.339100
-1.197353
-0.076273
0.817022
0.420185
-0.035637
0.377337
0.736203
-0.386134
-2.094718
-0.210301
-1.765347
0.606032
1.237064
-0.032974
1.336910
-0.803726
0.642081
-0.779830
0.629620
-1.132151
1.808902
-0.494142
-1.424319
-1.099038
-1.572287
0.935241
-1.115287
0.541463
1.686645
-1.790638
0.890061
-1.071844
0.356206
-0.212437
1.274248
-0.361926
1.125504
0.303433
-0.425555
-0.390903
0.922701
-2.197266
0.410284
-0.358894
0.017326
0.284236
-1.269148
-0.910563
0.198672
1.074543
0.715012
-1.838336
-0.974826
1.259048
-1.836074
0.214290
1.335116
2.177150
-0.192361
-1.863639
-0.633701
-0.851425
-0.853412
-1.722587
-0.037974
-1.542796
1.514583
-0.976593
1.395067
0.023708
2.567515
1.235210
-0.629712
-0.523852
0.048651
1.946281
1.197821
-1.083857
-0.020164
-1.562944
-1.678498
-0.779904
0.253632
1.546508
-0.434938
0.325654
2.271556
0.779484
-0.144593
0.067956
0.345403
1.358860
-0.047078
-0.715685
-0.600640
-1.978824
0.327011
0.255520
-0.856383
-0.773259
0.115092
0.288464
0.543466
0.762414
0.281729
0.392217
2.028059
-1.371950
0.573715
-1.583355
-2.410208
0.862685
1.105052
0.053946
-0.982381
-3.261731
-0.874130
-0.810077
0.395464
0.281183
-0.709037
-1.937012
-0.394749
0.665666
0.196677
-0.293110
0.991798
2.676257
-0.007853
-1.222719
-0.637415
2.479330
-2.218653
0.321043
1.397172
1.375501
-0.023385
0.154916
0.291053
-0.005572
-0.828266
0.451398
-0.075238
0.040372
-0.676106
-0.864017
0.262961
-1.126791
0.220627
1.022024
-0.074046
-0.494215
2.007145
-0.963658
-0.511318
-1.369862
0.668661
-0.980716
-2.073774
0.407567
-0.452875
-0.003878
1.060777
0.828762
-1.333810
0.631618
1.341492
-0.358706
-0.063430
0.764051
-0.502206
1.537260
-1.472532
-0.781235
1.853322
-2.185649
-0.736878
-0.352552
-0.604743
-1.198506
-0.438756
-0.609923
-0.319113
-0.645747
-0.312167
-1.272489
-1.545401
-0.928293
-0.475414
-1.198150
0.219794
0.501825
0.348430
-0.100212
-2.540443
0.825414
2.564267
-1.202634
-0.819959
-0.101608
0.151141
-0.975581
0.782274
-1.237949
-0.636696
-0.061563
-0.142475
1.892333
0.545823
-1.289565
-2.299700
0.429214
0.621266
-0.104206
0.931651
-1.676771
-0.505010
-0.683403
-0.515792
-0.250857
-2.777013
-1.744046
0.709908
0.752704
1.562091
-0.889939
-1.284230
0.812861
2.432694
-0.112450
-1.282515
0.761585
-0.826610
-0.164611
1.907054
-1.013538
-1.833412
-0.569670
1.360620
-1.373534
1.019086
-1.647027
1.762869
-1.491593
1.144989
-0.668433
-1.326575
1.412147
1.204911
-0.261855
0.020368
-0.451464
0.492425
-1.513342
-1.172943
-0.673483
2.225924
1.440423
-1.331707
0.431410
-0.213833
-0.877165
-0.440305
0.855443
0.809204
-0.951644
-0.497868
2.389491
0.539273
-1.070621
-0.430544
1.506115
-0.846437
1.370116
-1.063259
2.440780
1.416340
-1.784281
1.021145
-0.390753
0.318244
-0.151365
-0.534607
0.593549
1.824800
-1.988929
0.591158
-2.019329
1.545167
-1.079468
-0.349363
-1.497511
0.620055
-0.603410
2.444933
-1.876656
1.879548
1.893999
-2.048145
1.210544
0.896344
1.642231
-0.488386
-2.479337
-1.689791
2.672436
0.534601
0.575879
0.693295
0.442075
-0.989659
1.008782
0.405746
-1.156951
-1.709894
-0.527388
-0.814154
2.661891
-0.957703
-0.582928
-0.822070
-1.592189
-1.718794
-1.353677
-0.494627
1.234211
-2.622412
0.880643
-0.481788
0.500397
-1.829486
0.409331
-1.357480
0.050678
-2.160002
-1.204141
-1.858954
-0.510075
-1.363947
0.480322
0.078660
-0.118784
1.530250
-0.621922
0.783122
0.458997
-0.635320
-0.044044
-0.128211
-1.282529
0.490336
-0.305180
2.182192
-1.113764
1.533778
1.017972
-0.926606
-0.023154
1.271899
0.888711
-0.866697
0.251905
0.168428
-0.413859
-0.698426
-1.096100
-1.152854
1.622611
0.142468
0.641463
-0.117336
-1.220807
-1.084288
0.702712
18.538743
15.936605
18.043602
15.645512
14.414388
19.399243
16.109651
13.508059
15.355342
15.213507
14.665429
13.759557
14.880855
15.576687
18.027789
18.448277
15.149669
14.066836
16.233508
14.191735
14.573951
15.879992
12.586273
17.244933
14.380486
16.942848
15.824816
13.791727
15.090443
14.724939
14.167574
17.308610
-0.128595
1.636046
0.347127
1.627510
1.423934
0.092034
-1.848900
0.783503
0.640008
0.800955
2.236572
-2.414369
2.620213
1.510110
-0.133482
-0.484071
1.820142
-1.090753
-0.213109
0.826555
-1.597026
0.113185
2.690072
-2.467480
-0.182892
0.131629
1.331414
4.264658
1.370472
0.633012
-0.524252
-1.153351
0.642373
-3.771692
1.732012
-0.435872
3.757591
-1.407369
1.191124
2.299790
-0.010519
2.177014
-0.213482
-1.265791
0.448211
2.443164
0.454074
2.436572
1.951713
-1.535330
0.162920
0.828184
-1.718470
-1.624201
-1.273901
-0.669942
3.566928
0.488220
1.563490
-3.232557
-4.842324
0.497746
0.116623
-0.095983
-0.331681
0.377664
-2.234019
-0.990533
-2.920643
-0.335603
-1.327852
-0.635423
-3.549262
1.043477
-2.959480
0.400854
1.583573
-1.545877
0.380081
-0.332706
-0.448476
1.889606
2.246188
1.160915
-0.495865
0.749004
-2.591485
-2.004657
-1.697045
-0.265300
-0.137818
2.048574
2.350763
-1.146549
1.217078
0.944932
0.167901
0.065679
-3.215459
-0.489969
-1.893788
1.196250
0.480473
-3.396480
1.024154
-0.732743
-0.841147
-0.288710
2.091270
0.058259
1.089867
0.680770
0.310648
-0.777037
-1.172017
-2.407567
-1.355063
0.247138
1.254390
0.251262
0.067762
-1.714289
0.840753
0.294714
1.344632
-2.970488
0.834076
0.764906
-1.744393
1.255388
-3.486702
0.191995
-0.343538
-3.163521
-3.204623
2.068130
0.135067
1.424974
-1.168882
-0.627828
-1.755527
-0.621089
2.194510
1.020527
-3.346845
-0.576048
-1.559636
1.173476
-2.209969
-1.553796
0.178861
-1.439324
1.110680
0.295893
-0.126588
6.267633
-0.404561
0.750178
-1.784219
-1.752418
0.435482
0.993775
1.190523
2.245106
0.153041
-0.504779
-0.680779
-1.567109
-1.454052
-3.701411
0.289037
-1.287276
0.658201
-1.749852
1.510159
0.312172
3.110982
1.997623
-0.347983
-0.131635
2.076710
0.574331
1.771536
-2.667213
-2.430371
-0.700259
-0.573445
-0.725957
-0.728749
-1.715222
-1.309068
-0.484423
0.509233
0.151746
-2.689904
-0.250760
-0.756996
-1.065175
1.102230
0.986519
-3.251625
-0.296082
2.395297
0.265589
1.688231
-1.979134
1.815496
-0.573891
1.598518
-1.709990
-0.866665
-2.358449
-0.049570
-0.111765
-0.186036
0.849766
-0.628860
2.083915
-1.667170
0.356907
-1.118142
1.405679
-2.888116
3.156761
0.321418
-0.213032
1.298108
-2.900670
-0.906067
-0.704196
0.865337
-1.273826
-1.081977
3.083824
-0.460728
-1.226597
0.423362
3.308092
-3.552463
0.952661
2.738664
1.016795
-0.086815
0.918967
-0.211153
1.531687
-2.300799
-0.329836
1.778084
-2.145277
-1.412983
-1.216568
-0.341782
-2.325297
-0.218129
0.412101
-1.086699
3.299404
0.442100
0.743292
-1.091036
1.754873
-0.171812
-0.189680
-4.526866
1.291177
0.995575
2.709585
1.726474
-3.537587
3.316554
0.740209
1.102620
-0.761349
-0.526001
2.910911
0.434840
1.172881
-1.510377
1.003933
0.670553
1.127823
1.012751
2.147728
2.682168
2.690531
-3.376432
0.758943
0.612538
-2.322517
-0.817177
-1.955891
-2.061194
-1.179150
-3.252427
-2.942195
0.929701
1.254529
1.910522
-0.990150
-3.824674
1.638274
4.996961
-1.315084
-2.102474
0.659976
-0.675469
-1.140192
2.689328
-2.251487
-2.470108
-0.631233
1.218145
0.518799
1.564909
-2.936591
-0.536831
-1.062379
1.766255
-0.772640
-1.486492
0.723503
-1.328243
0.117876
-1.428767
-1.903860
-2.997762
0.722308
1.348008
0.985215
0.463774
-1.014439
0.990468
1.205150
0.074383
2.580907
-0.302797
1.164543
3.255601
-0.090414
0.328626
-0.620509
1.119106
-2.673943
-0.499523
-2.576030
-1.735049
0.536654
1.766274
3.571689
-2.201283
-1.557751
-0.305430
1.021394
1.523155
-0.413220
-0.514238
0.142085
2.317225
-3.502271
-0.581785
-2.692812
3.771092
0.360954
-1.681071
-1.066101
0.406222
-1.480574
2.004627
-1.021213
2.688753
0.942355
-2.546013
3.600035
1.435616
0.571609
-0.918931
-0.973222
-2.536228
4.042552
-0.528658
3.016659
2.109636
-1.342206
-0.951137
-0.200380
-1.273311
3.117686
-0.544970
-2.483579
-0.466063
-1.319653
-1.037412
-0.686895
-0.834347
0.262587
1.037187
-1.123808
0.740088
0.421853
-0.456234
3.824764
-1.205716
1.381502
-0.477545
-0.816758
-1.338420
-1.687981
2.030845
-0.762981
-1.805323
0.474452
-0.815696
0.031763
-0.479996
-0.684092
0.540592
0.386859
1.188868
-0.697954
-2.345213
-0.571432
-0.942365
1.379362
-0.467367
-0.888108
1.360122
-2.705953
-0.185016
-0.335704
-1.421233
1.211057
-1.350513
1.769353
-1.348485
0.752302
-1.661058
-0.004528
-2.055905
-1.045422
-3.312856
0.418470
-1.716487
0.131389
-1.481284
-0.740485
-1.005628
0.583928
-1.673798
-0.590337
1.070299
1.125948
0.056761
1.060160
0.363849
1.180787
-1.400539
-3.009428
-0.114803
-1.988949
-0.698252
0.185788
0.411482
-1.792168
0.147292
-0.965632
-0.953279
-3.116516
0.379100
0.558333
0.584574
-1.648716
-1.407094
2.295449
-0.401682
0.226171
-1.938353
-0.224349
-1.061506
-0.447196
33.688411
30.003440
34.277110
29.837247
28.988339
35.279235
28.695923
30.752992
29.735829
32.156355
30.490245
27.551284
29.971297
30.301626
32.195363
35.756887
1.326899
-0.513335
-1.326596
-0.098082
3.815719
0.861029
0.090221
1.122507
0.088237
-1.537215
4.823193
-0.277831
-1.253421
-2.154795
-1.027350
1.653142
1.691547
0.545293
0.134019
2.454065
-0.173092
0.205219
0.841172
-1.683977
0.457116
0.932583
3.567986
1.850288
3.990685
2.143122
-0.657734
-1.637422
4.759411
3.347105
0.157516
-0.219174
0.621496
-2.385085
-0.795024
1.760494
-0.185617
-1.090484
-0.900653
2.999780
-1.168379
-2.571421
-1.634645
2.644751
2.594086
-5.307021
1.894933
0.392312
2.039121
-3.031570
-0.082777
1.629848
3.556409
2.665234
1.350008
-4.498347
-4.394113
2.940910
0.570697
2.340589
5.697016
-0.382935
0.730019
2.246853
0.296225
-0.701979
0.528525
-3.435990
-0.356064
-2.045229
-2.147263
-4.296826
-0.498789
0.620329
-0.884627
3.634783
-0.780158
2.267270
0.012169
0.170382
-3.416508
0.413401
-3.919336
-2.640081
-5.246307
0.778177
-3.097298
2.449428
3.934336
-2.692427
1.597159
0.612226
0.745053
-1.606773
-3.355572
-1.037004
2.627874
3.619121
2.890559
2.578075
-1.369025
1.694102
0.298564
-0.813604
0.751940
-0.388407
-2.172959
-4.655800
0.478549
-0.711358
-4.387476
-2.897536
-3.248850
1.443387
1.734863
-3.145217
1.091915
-2.447032
-0.000394
0.006003
3.435902
-2.912229
1.923943
1.445676
5.516994
3.024460
0.684275
0.103550
2.864539
-0.050485
-2.338187
0.516541
-0.949644
2.088467
1.562068
2.495798
0.351376
-0.461112
-3.613901
1.991340
-5.091238
0.679340
-5.046338
1.365471
-2.553507
-4.717317
-3.025763
0.628806
1.245748
1.720867
-1.295470
5.639805
-2.160088
0.129089
0.410291
-0.731891
-2.028169
1.640677
-4.606891
0.601689
-0.749313
2.468761
-1.188198
-1.979248
-1.627271
-0.513356
3.261424
-1.799183
-1.517670
1.375283
1.348566
4.307422
3.546463
2.991398
0.842540
2.113471
2.229751
0.069551
1.090757
-4.234322
-3.884423
-4.401670
-0.284408
-2.013233
-0.070548
-3.465074
0.201091
-0.172251
-6.220628
-0.670963
3.636059
3.502852
0.577810
-7.827967
-2.224557
1.339042
-1.274009
3.174975
7.233639
0.699924
-0.150097
-3.724267
-0.067627
-1.613123
2.107751
-1.558243
-3.556569
-2.609209
-0.806566
-1.176940
0.916193
1.836285
-3.880485
1.787833
0.728127
0.622496
0.570089
-0.573455
-1.072620
2.582870
0.979903
-2.124566
0.267978
3.598439
-0.903690
-2.635084
-5.679312
-2.689419
-4.967922
-2.436660
-1.473106
-0.678729
0.977347
-2.738444
1.460443
-1.212650
3.060082
0.803763
1.211293
-1.981703
-1.117220
0.827491
-1.435461
-1.603663
0.696107
0.938548
-1.873711
-2.443166
0.081580
0.982795
-3.770592
1.364762
0.688765
-0.177894
-4.949663
0.079079
-0.275620
5.378354
-4.358984
0.757805
3.882086
-0.334487
-0.239862
-1.590227
1.124821
1.542484
-1.372632
-0.955935
0.015921
2.538055
-0.083902
3.654203
-0.656196
2.927753
-1.682190
0.814253
-3.856313
2.418999
2.008326
4.857313
4.408642
-0.847056
-0.059877
1.499152
5.686897
-4.378410
0.187521
-2.963920
-0.585084
-1.685539
5.062512
0.981257
3.061477
0.558650
-0.699006
-0.443268
-0.351947
-2.686093
2.297576
0.605646
-1.489936
-1.662541
-1.492646
-3.096083
0.628134
-3.430637
-5.722535
-3.573428
2.147846
1.773328
3.475431
-3.926742
-4.361504
0.575896
6.763217
-2.087724
1.733524
3.063837
-3.574417
-1.412994
-0.129029
2.519280
-0.041612
1.223656
-2.129877
-3.400929
-3.407446
0.216851
2.015780
-2.074783
-0.401541
-0.109564
-1.789289
1.888045
1.927358
0.027462
-1.100141
-2.524368
-1.878656
-1.951635
0.848485
-1.590815
-1.271275
-0.477784
2.756742
4.776839
-2.126899
1.023157
0.614111
6.971057
-5.924396
0.975238
-3.118097
-1.117916
3.366989
-1.805380
-0.712782
-0.565744
2.522950
5.089930
1.793922
3.172766
-2.159426
-0.020641
1.699197
0.000181
4.211907
0.529136
-3.060251
3.742119
3.752842
-2.930662
-1.500715
-3.666034
1.234864
4.403506
-2.209729
1.950558
2.515857
-2.822781
-1.508025
0.278523
0.956739
0.213513
-1.241009
0.179906
1.853436
2.968799
-4.425189
-2.738148
-1.288958
4.848968
3.601403
1.444380
-3.050879
2.096269
-1.407371
3.624384
-2.479026
4.499188
-1.022515
-3.300336
-1.804483
-3.007633
0.993433
-1.449876
-2.639670
0.737039
0.221491
-1.092046
0.260092
-0.262239
-1.279474
0.263797
-1.184560
-2.555351
0.161098
0.908518
-0.573807
1.903994
0.254581
-0.641863
5.515610
0.312785
-1.280448
-4.010204
3.624370
-6.255039
-0.809921
2.156213
-0.159617
0.054348
-4.006271
-0.575960
-2.998271
0.333940
-3.780223
-0.469639
-0.356364
-2.574564
-1.666300
-1.076190
-2.426861
1.794984
-1.317693
0.721668
-1.573318
-1.369783
-3.212295
-2.194361
0.509432
2.366960
-0.553852
1.990699
-0.300065
1.873378
-0.222232
-4.413729
-4.760368
0.285038
-1.526506
-1.555969
0.117020
-1.990568
0.435861
1.618493
0.948423
-0.467929
-2.807634
-0.713979
-0.516484
-1.762779
-2.636605
-0.038562
-0.650024
-2.239363
2.482813
0.467510
3.832969
0.811775
4.667306
2.276997
2.071377
0.941920
-0.515888
2.494020
1.953256
2.624622
-1.428647
-1.016305
-1.937924
-1.933214
63.424240
62.159795
64.767355
57.388531
58.959636
65.580860
60.891286
66.509879
5.427254
4.621065
3.310905
1.042879
0.354841
1.594488
-0.957782
-1.678160
1.415136
-2.050550
3.496597
-0.375914
2.562298
-1.293765
-0.937130
2.775649
0.711038
0.037290
-0.841172
0.007004
3.695523
-1.825024
-1.894650
3.047197
2.148664
1.477876
3.702004
4.304353
3.817592
2.348342
0.183438
-3.321399
-1.597217
3.071624
-4.325130
6.783200
-0.519868
-0.963919
-1.199983
0.596841
4.573794
2.256621
-0.743137
2.780606
-0.546883
-4.956505
-2.429669
4.405245
0.846000
-2.662637
-0.549877
1.361991
-2.384983
3.970531
-0.728573
-2.883897
6.150495
-2.641787
3.244940
-4.106036
-2.354992
-0.090660
0.487921
3.970437
-2.008700
-3.432038
3.914178
-4.529561
2.041554
-1.915375
1.114498
-3.726879
5.340952
-2.428164
-1.417244
-2.049973
-0.202564
-0.081650
-0.356102
0.198793
2.351225
-2.420965
-4.102823
-0.377526
1.812913
3.492999
-1.264636
7.117289
-6.026465
3.045447
-3.085129
2.619811
0.517828
-2.279026
-2.322177
-2.027855
0.114888
-0.871892
-0.206230
-5.199699
-2.713700
-1.136675
3.729933
-1.235958
-0.623972
0.087330
-3.057008
-1.850608
3.379814
3.230714
0.717600
-2.077726
-3.414599
1.356870
1.806238
0.657042
4.985372
1.050379
6.520027
-5.446608
1.570464
-3.158391
-4.387870
-2.891532
0.187051
-1.468842
3.658806
-1.699541
-0.620361
-0.907551
-2.757854
2.833536
3.318467
-1.466707
0.482877
-4.104686
4.567351
5.112927
2.246343
2.599348
3.215915
-0.511597
-5.952088
2.507881
4.321064
0.966615
-0.090592
-1.463193
-0.997838
0.309554
1.600064
0.624203
-3.845490
2.400207
-6.341809
7.005276
-4.713594
-4.588228
-2.615471
-0.103086
0.419347
1.134982
2.468569
2.329245
3.789462
-1.048406
-2.968731
1.292694
-3.655441
1.127321
-1.345467
-1.197494
-2.266983
3.844044
0.160368
2.328174
2.579512
5.272043
4.898003
-0.622424
-0.300188
-0.322019
-0.302500
-2.373967
-0.337960
-1.410272
0.558132
0.100237
2.159203
-3.395523
1.291848
-4.406573
-3.717351
0.889963
2.546676
5.339682
-3.943088
2.076015
-6.753154
1.286453
-7.494637
2.504012
10.869697
4.202776
0.427713
-11.552234
-2.292184
-0.274081
0.468864
-0.273532
0.506337
0.185900
-4.052058
-4.095142
-1.162876
0.307939
-1.772734
0.229590
-2.828442
-1.986713
-0.236477
-1.750395
-0.156427
4.419155
-2.883419
-1.339825
-6.408162
1.483146
-2.488338
-1.433914
-0.639797
3.825132
-3.988019
-4.561227
-1.205128
2.919710
0.073657
-5.373528
-4.218869
-3.902070
-2.669716
5.626050
3.116950
1.197713
-2.183236
-3.840210
-1.070974
1.982143
3.756190
1.742310
-0.662418
-4.424869
-1.035639
1.810286
-5.206053
-0.238901
-2.279714
-1.377440
2.752935
-6.342450
-2.524506
-3.981762
4.499872
-2.473588
4.570851
-0.512382
-5.189525
-1.511149
0.849200
6.920838
-5.731616
-0.198130
-2.930427
2.587022
-1.598370
-0.347087
0.550987
-2.083720
-1.532729
-0.083317
-3.840392
4.957055
1.924425
8.511516
3.752446
2.080698
-1.742067
2.313405
-0.855015
6.934887
-0.228524
0.459129
-1.161262
7.024022
-9.748836
1.213084
8.748374
-3.819760
-0.511485
-3.407188
-0.937032
-4.371633
7.360088
1.586902
3.292260
-0.384220
1.871823
-1.250382
1.405536
2.946706
-0.747052
-1.459785
0.657910
0.110787
1.982785
-7.022825
-3.733370
-2.854741
1.040682
-5.661152
3.470805
-4.954962
-0.064916
-1.222360
-0.504632
2.180023
-2.572401
2.361756
-0.396353
-0.337092
-6.981863
-1.196143
1.886751
0.444497
-0.443152
1.114092
-7.797501
-0.806496
4.034343
4.347388
-2.950318
1.584020
2.954788
1.548370
-0.940804
0.297230
0.656083
-0.450322
1.656601
2.252471
-4.005555
-0.928478
3.766209
-1.060843
-2.666036
-3.187903
-1.994304
4.312846
-3.604291
-5.705420
-0.098671
6.405313
-3.401446
6.065167
-1.324175
2.054850
1.207563
-1.826021
6.314454
-1.045108
-2.953883
5.332018
-1.292300
-2.825623
-2.287226
0.495543
0.198481
-3.665853
5.446771
4.932641
-5.269980
5.692678
6.268699
-5.753443
-2.490390
-0.840409
-8.131738
3.868148
-0.069439
-0.673032
6.880034
2.331423
-5.933215
-2.459625
-0.332219
5.062481
2.360394
1.624287
-1.197443
5.065068
-5.035989
3.376081
-6.138042
-4.527485
2.204123
-3.212111
3.274968
0.006886
-0.413938
2.174508
-5.118696
5.236227
-0.801024
-4.392382
-1.544391
-3.269872
0.469603
-6.081135
-3.519037
4.287131
-1.667828
1.871819
-0.749793
-1.262175
-1.024892
-0.378066
4.331050
-2.242566
-1.119350
-3.101686
3.050563
-4.351045
5.335325
0.332896
3.589481
-5.367015
1.102554
-3.854335
4.086822
2.783259
-4.590145
1.686574
-0.515981
-2.520216
-5.672571
-1.652150
-5.425131
2.128924
3.089718
4.438927
1.674883
-1.116549
-1.957231
-3.335893
1.180298
-0.145970
-1.871545
2.712367
-1.873383
0.503595
-3.434527
-6.608090
-4.250936
2.651998
-3.652464
1.810224
6.669955
1.838773
-2.881133
3.438139
0.902005
0.290397
-4.334140
-2.269948
-0.399464
-3.753347
-2.200743
1.579931
0.298399
-2.707292
-2.579528
-4.149580
4.103769
2.016343
-3.503443
2.308835
-3.553770
2.729586
1.966925
2.961530
5.786225
3.436397
3.238658
1.260691
0.133452
-0.991293
2.395416
1.725357
-3.933132
-2.928472
5.968053
0.243497
-3.160939
-4.453124
122.383876
127.740655
125.658641
123.898410
1.710522
-8.247427
1.434437
4.775684
5.782095
6.215553
2.353124
-0.635281
1.634988
-2.516235
-2.490082
-0.368423
3.977434
-3.344316
2.559468
2.399735
-2.444028
-4.637197
-5.572249
-5.246336
4.406561
-1.787734
-2.735822
3.054201
1.837632
4.495458
4.885643
3.174124
5.966256
3.826218
3.885442
0.982954
-8.545405
2.407452
1.012223
-3.069203
-2.117085
2.107705
-5.525113
7.380041
-5.325006
-0.220857
0.624217
-9.705942
4.026911
-2.699884
-3.172806
7.185852
5.365804
7.223371
6.190017
5.013491
-1.538983
1.307894
-1.278450
-1.521906
3.678859
-0.509944
7.314526
4.852168
3.795503
-2.732447
3.732861
-0.135599
-2.782041
-4.198684
-0.822786
4.487473
0.032854
-5.347413
5.028675
-8.256440
1.169200
-2.817421
-1.085758
-5.285848
5.138388
-2.509814
-1.773346
-1.851180
7.336624
-0.165369
-0.815692
9.221903
4.164138
1.072034
-5.367459
6.739763
3.599156
-3.580153
-6.060212
6.987170
-5.508637
0.766421
-5.407306
0.591956
10.243123
6.004284
2.726446
6.309100
-2.598812
-2.008567
3.523703
-6.435658
-0.250813
1.553222
-5.661253
0.710080
2.755842
3.318044
-2.339407
-3.928333
0.069893
-6.922624
-3.240600
-2.973819
1.570773
2.407249
8.326265
-4.789566
5.446771
-0.491551
-0.078394
6.575746
1.757516
-4.627232
-0.729064
-4.591073
0.354479
-0.606634
-9.340765
5.521771
2.698106
-2.374258
-2.274977
-1.271150
5.471112
-2.240218
-3.492774
4.458987
7.783265
4.601329
-3.705745
5.107230
8.320878
0.906396
-1.468163
-2.693105
3.323226
1.276169
1.509472
-0.838989
-2.168272
0.375839
-3.295262
4.131006
-8.559085
-2.188021
-8.957280
6.902190
-6.529845
2.087444
-1.937965
-7.177106
4.208809
0.086576
-0.500161
3.621939
2.024932
5.192468
-0.226413
-15.101400
-5.922424
4.971365
-1.185099
1.130680
-1.554816
-4.761883
-4.279948
7.705524
2.279324
4.950024
4.595503
-2.996391
-5.218120
4.845169
-0.908476
-0.745749
1.821243
-4.805795
1.849980
-4.306336
8.239356
1.429273
5.814229
5.471352
-7.660439
2.965978
-4.206478
6.626135
-0.894815
-0.415028
1.508023
-0.983698
-7.066924
-9.048222
8.577513
3.928695
0.397356
-4.974671
-3.072249
-6.807476
-3.583194
-4.368675
-0.656539
0.493839
-4.082535
4.737741
-7.827279
0.924447
-2.009211
-1.520806
-2.984869
2.432441
0.586655
-1.817445
-3.159821
-5.728163
-5.371757
-2.773739
-7.047959
5.308278
3.185775
-0.111454
-2.077078
0.977886
-3.914362
-9.934754
-5.423998
-0.982359
4.920525
2.736127
6.908016
2.322464
-4.852952
1.785841
2.045976
3.179856
4.301040
-0.436780
2.257136
6.836403
2.720550
3.552596
-5.868471
-4.663770
0.406331
0.800280
4.739305
4.257768
-4.804220
-5.359203
7.252807
-8.816039
-3.014449
3.974274
3.350811
-1.483586
5.420051
6.408456
-10.921141
-1.709278
-6.671041
2.583460
-1.581445
-1.251705
-2.379441
0.503302
-3.131098
-0.430404
7.574930
5.846253
-4.026499
-2.077839
-0.087946
7.037752
0.182358
10.824921
4.781938
-1.590241
-1.220030
0.816938
-2.016276
13.958909
-9.977360
1.672213
-3.878527
-1.110537
-3.592198
3.436730
7.811343
-8.191393
6.848603
-1.820286
3.106389
-8.402718
-3.914061
-0.773090
4.697796
2.562486
1.124771
-2.710167
-0.328036
5.399778
-2.333013
3.508296
-3.075460
-2.743955
3.023467
-12.683977
-6.582138
-2.997897
7.913414
2.619412
2.966173
-2.774939
-2.637317
1.139396
3.523127
4.698475
2.002604
5.242386
1.490398
0.107405
-7.425015
-0.082051
-1.651099
7.249010
0.466726
5.893363
-10.747818
0.777524
6.989131
5.895758
-4.289436
-3.232583
-3.969026
-5.390724
0.715798
2.549701
-3.349472
-1.378800
-6.485011
4.097804
1.983626
5.048451
1.771905
3.252003
-6.270327
-8.893323
-6.739730
2.490172
2.977874
-8.931464
-1.422846
8.460164
-2.193883
4.239146
2.478648
13.951016
-16.362901
0.850160
5.022155
-3.870730
-5.241109
5.827561
-3.620751
-0.426561
-1.312667
11.783441
-5.071499
2.026825
11.715470
-0.820801
1.785594
6.408375
5.166494
-2.160724
-2.559829
-1.513441
-1.251704
6.199571
-6.702285
6.007231
1.508751
0.411650
-3.572820
-0.835339
-1.529661
10.127549
-1.206093
3.492162
-5.445438
0.432691
-2.831866
0.163970
-2.863074
-4.520599
-1.017982
8.262570
3.528626
6.003147
-1.214962
-2.217874
-6.663087
1.966355
-6.130151
8.372198
-0.012961
-1.958347
-1.198225
-4.209316
-4.268831
3.024956
-0.411510
2.941373
1.870034
0.934777
-2.144242
-3.479752
7.381614
-6.593611
-5.896991
-2.178033
-3.434596
-7.923286
6.437879
-3.521439
7.676304
-2.583756
-6.049216
0.546500
7.299983
4.983852
-10.262715
0.034424
-5.941112
-0.391292
-2.663493
-2.949587
2.683597
-2.665980
1.132486
1.103034
2.855181
-1.262519
1.536002
-2.878088
7.038413
-7.908390
-5.306072
-3.895723
-6.124319
3.155593
-6.094951
-2.788229
-3.154560
-2.858012
-6.533597
5.248364
7.571960
2.129170
-6.583923
2.221929
-7.011173
-0.209178
-6.534883
-0.690017
-0.101066
-6.460639
1.874150
0.079947
-4.926711
0.249303
-6.082971
-1.840745
0.549999
4.745929
-2.356471
6.853821
-1.532222
-9.597999
5.205583
4.222221
5.919678
2.445103
1.208586
-0.483565
-0.129517
-5.425718
8.363469
1.968854
-7.094071
-7.381596
3.921910
-1.228181
1.399986
-1.368091
248.042517
251.639065
7.837892
-10.523927
3.144959
-3.471743
-2.675309
10.594972
8.135219
5.580272
12.804049
1.303933
-0.855094
-2.884658
3.624017
5.541295
6.536902
-0.944580
-5.488463
-5.713359
-8.016276
-9.883533
9.626704
0.173274
1.670739
1.266467
-5.381688
-3.737592
6.723275
7.669582
1.247703
2.519075
9.851698
4.809172
-7.011157
1.666400
-7.533182
-0.661751
19.002626
2.333367
-7.642198
9.487746
-10.642277
-0.491274
-4.700789
-9.926799
-0.946996
11.566273
0.854105
4.485968
7.089305
11.714084
11.555821
12.236862
10.405195
5.093943
-2.817433
-0.214012
8.580714
-13.222803
10.993385
4.342223
0.063491
6.091314
7.528364
-2.868046
6.296784
8.621731
-3.604827
0.288789
-1.660181
-13.735240
5.061529
-13.603853
1.759520
-4.444161
0.083442
-8.103269
-2.882945
8.063578
3.365042
-4.360994
2.570910
-6.648493
6.520932
9.056534
1.883250
-6.219730
-1.203321
7.811797
6.977372
1.741417
-2.461056
3.407017
2.697224
3.915495
-10.915943
1.358377
-9.145819
0.983738
12.969569
12.313384
-10.783332
13.676615
0.924891
-8.444225
7.504368
9.121091
-5.912066
2.263302
7.616944
8.150213
0.416435
-0.610290
-5.447422
-7.622424
-3.170707
-9.896443
13.246287
-0.397702
9.897039
-2.382317
-7.402971
-8.026957
5.368377
6.084195
0.439105
3.504014
1.028452
-9.218305
-4.216698
1.142793
-8.986286
4.915137
-4.985104
7.273266
0.423129
-3.645408
-3.994109
-10.915053
1.978338
2.218769
-3.522866
6.694018
4.077520
9.708559
3.716016
1.984970
6.852714
-1.786709
6.189755
2.727854
4.832698
0.437180
-1.526416
3.189511
-5.463534
4.506845
5.389442
13.092813
-17.516364
4.714169
-6.606790
-1.608136
-8.467810
-5.089662
-7.636878
-4.786083
3.708648
3.708515
-3.402381
6.441748
1.798519
-9.908931
15.750377
1.703106
-7.107523
6.102045
-1.591723
-0.903867
-5.834764
2.943642
4.013023
3.813715
6.874826
1.953634
-6.552958
-2.748588
-6.126596
4.099420
8.426557
-2.352168
3.671223
-9.112130
-7.232301
-3.125327
14.053585
6.900625
12.101078
3.655213
-11.866916
9.592113
-3.410966
-1.331901
0.613208
-1.398726
-1.675459
-2.104703
1.510590
-5.119527
-7.771109
18.050078
-2.674893
-11.782147
-11.325454
-10.386700
-4.239733
-3.874836
1.343675
3.641288
-11.909814
5.662189
-1.706645
5.036149
-4.994081
0.911636
7.326937
-1.011406
-2.573167
-7.545608
17.102077
6.259977
-12.419716
2.534539
-2.602777
-1.739762
1.108697
0.866432
5.359294
-5.198257
-9.338359
-10.917114
1.149247
-5.047143
11.828541
5.058591
1.323739
-1.818390
-2.806976
4.965697
4.906081
14.227719
6.558176
6.399623
7.565367
1.571908
-3.147921
-1.111173
4.581744
6.285278
5.145636
5.058048
8.000443
11.195310
2.448587
-14.175241
4.074357
-0.324530
0.336362
2.490689
-5.256779
13.001794
-5.501090
4.699178
-1.062636
-0.230544
-8.252486
1.331755
1.140280
5.272728
-5.510539
0.072898
-0.741398
8.639847
3.548430
3.768414
-3.544578
7.028209
0.094412
17.862673
-6.336101
-1.615548
3.561908
-0.773304
2.407062
5.988210
-11.993637
15.631122
3.600768
-3.401508
-7.470725
2.326192
-3.605513
1.406237
14.659946
-10.011679
11.913676
4.193242
-0.807672
-9.175808
0.886864
-5.713836
5.822567
-0.147681
2.145541
1.296112
-2.661049
8.908074
5.901416
3.667053
-0.051993
-15.427932
8.131873
3.206429
1.331275
-0.378485
-3.411610
-6.997889
0.328856
-1.635543
6.475030
2.504895
5.525732
9.940861
4.852686
2.516272
-5.934617
0.025355
-1.099985
-8.910476
-1.184373
13.142373
10.589776
4.815762
-3.758687
6.673283
2.614049
-4.486221
-8.258462
-8.623307
-7.492381
4.668684
-2.633675
1.170901
-2.030372
-14.068965
-4.501385
9.146255
-0.979392
-1.216831
-4.498422
-5.641319
2.318552
-8.638872
-3.761856
-6.441292
5.710747
-5.197329
-3.616729
12.699310
5.485935
-0.296480
-13.884253
14.801175
3.574119
4.883216
-0.218954
1.956831
3.111324
-5.867879
-4.933417
11.356880
-6.903591
-8.443806
6.643971
1.206023
5.652416
-7.926754
6.952087
4.247651
7.319908
3.490039
-3.811533
4.686130
-11.349232
-0.731066
-5.193534
6.418881
4.350035
1.821263
-5.102482
9.292210
-8.508383
-2.666363
-6.651531
3.924853
5.354837
1.908339
-5.694940
-4.356629
-17.933355
0.600882
2.510644
14.265716
-1.137649
10.163699
-7.878049
-0.251519
2.965502
-1.068089
-6.143112
6.413851
-1.831352
-3.368555
-5.467056
-1.184360
4.810788
-8.087215
1.458524
3.876150
-4.321337
1.669771
5.237371
-10.073362
1.908067
-9.367233
-9.331586
-10.101319
2.932638
-2.480869
14.114183
-6.105195
5.420443
10.403038
1.250767
5.530352
3.631583
-8.033136
-16.203828
-0.356868
-1.341296
9.915027
0.020104
-5.615567
10.201356
-1.637072
3.987668
-0.159485
6.197987
12.799156
8.574415
-10.786478
-1.249724
-1.175188
-11.430391
-0.740130
0.606764
11.840218
-9.249511
-5.646241
10.665982
0.892755
1.038363
7.377533
1.202810
5.025468
-13.595096
2.012751
-3.702584
-7.311816
-6.635949
-7.150656
-3.401433
-3.065585
-3.052561
0.329249
-2.873970
2.803708
-5.532972
2.905184
-1.967642
2.133446
-3.888693
-2.744178
0.152312
-11.173371
11.125261
6.667325
-3.229756
1.355396
1.079069
-5.909283
7.670992
-2.773793
1.269398
-5.412742
-5.905965
1.382484
5.321896
-2.596271
0.381768
3.563012
499.681583
-8.609173
-2.686035
-17.494027
-0.326784
3.715499
7.919663
8.385025
13.715491
-0.489379
14.107982
-1.787384
-3.739752
7.751392
9.165312
-1.506261
5.592321
-6.928868
-11.201822
-5.905947
-17.899810
-3.128661
9.799978
-10.369262
2.937206
7.929524
-9.119280
-11.258065
14.392857
-3.627293
3.766778
4.735269
14.660870
-8.107838
-5.344756
17.355167
-8.194933
-2.267062
21.335993
1.048437
1.845548
8.079352
-11.133552
11.038016
-14.627588
-15.766963
10.619277
-0.430771
5.340074
22.013349
18.803389
2.367645
23.792684
-6.095590
15.499138
3.652978
-3.031445
0.548358
-4.642089
0.043760
15.335608
-4.838361
6.154804
-7.531782
4.660318
-5.881579
14.918515
11.521901
-3.316038
9.935690
-15.395421
8.767007
-8.542324
6.785001
-2.684642
-13.294466
-8.019827
-4.633207
5.180633
0.637125
-0.995952
13.878371
-4.077584
2.005865
15.577466
9.783037
-4.336480
-5.444615
6.608476
16.816970
8.718790
-6.394993
0.945962
10.326201
6.612719
5.941678
-9.557566
-0.470305
-8.162081
-3.916178
25.282953
7.614435
2.893283
15.835507
-7.519334
-0.645563
16.625459
1.293862
-3.648764
11.034717
15.767157
-12.360751
-0.193854
-3.332423
-13.069847
-5.415963
-13.067149
3.158002
12.848585
7.877686
7.514722
-2.368660
-15.429928
-9.225508
11.452571
11.626918
3.943120
18.319141
-8.189854
-6.779968
-3.073905
8.829969
-4.071149
-1.286804
2.288162
0.603762
-3.222279
-1.558370
-14.909162
-5.777236
4.197107
1.939631
3.171151
-9.592213
13.786080
18.567741
5.700986
-6.853099
5.066005
5.492718
8.917608
-1.061005
5.269877
-9.438371
1.663095
11.472482
-0.956689
-6.624859
18.482255
-10.942542
-12.802196
1.080505
-8.214926
6.904465
-13.557472
-6.482330
-12.422961
-5.740152
7.417163
3.088028
3.039367
1.482029
-8.110412
4.486350
17.453482
-10.552041
-1.005478
-0.261093
-2.495590
-3.233080
-2.891123
2.494361
7.826739
-16.160364
8.828460
4.430893
-9.301546
4.129626
-2.027176
-7.602364
6.074389
-7.613351
-5.440907
-7.184032
-10.357628
2.678671
20.954210
-1.593025
15.756290
-13.575114
-2.274803
6.729162
-4.742867
9.939998
-0.785518
-3.622226
-3.780163
5.019453
-3.608938
-18.165237
10.278970
-3.570815
-14.457040
11.047732
-21.712154
-13.762726
-8.114568
-4.157071
4.984963
5.762297
-6.247625
3.875902
3.329504
1.007053
-4.082445
0.826142
6.315532
-23.270243
-10.118774
7.139701
23.362053
4.946732
-9.885177
6.769231
-4.342539
-3.372278
1.975129
4.234262
0.161037
-26.504552
-20.255473
-3.438486
-3.897896
-5.821054
16.887131
2.537174
-0.494651
11.185220
2.158721
-17.459902
19.133801
-6.147985
12.957799
11.217349
9.137275
6.140644
-4.259094
8.936715
10.867023
5.463472
10.203685
5.833200
19.195753
-0.007093
-11.726654
-17.275594
3.749827
-13.063769
2.827050
-12.131459
7.745015
10.965733
-0.801912
9.152400
-1.293180
16.930664
-6.920731
-2.628368
6.413008
5.295726
-5.437641
2.863242
7.898448
-4.560036
7.316844
17.009072
3.483631
5.877515
17.957085
2.592974
-7.951649
-5.767451
2.788604
2.176862
8.395272
5.069113
3.637486
9.592097
0.199261
-7.329979
-5.144532
1.992934
-2.199276
-1.348287
4.648267
-6.975538
16.106918
3.807203
-9.983480
-1.133583
-4.826972
6.737784
5.674886
4.784356
3.441653
7.930802
6.247026
-0.139432
9.568469
-8.235620
-15.479925
-7.420605
11.338302
-2.262470
0.952791
-11.062885
-10.409499
1.547480
-1.306688
0.641941
8.979925
9.002428
15.466592
5.246604
7.368957
7.096218
-5.909262
10.494318
-10.010462
-14.538530
11.958000
-12.729861
15.405538
16.590112
2.914595
-17.814244
-1.872172
-9.455525
-16.881769
-8.070617
-2.823697
22.884517
-1.462774
10.895863
-16.099337
-13.792061
4.644870
-0.200432
-2.196223
-5.355022
-10.139742
6.723923
-6.320320
11.723453
-10.203148
-8.047172
0.513418
-17.938509
9.082581
5.802579
5.189455
1.675933
0.916922
16.915554
8.457335
-5.781323
1.737877
6.143342
-2.756556
10.556086
6.423463
-9.741495
-15.347397
14.780362
7.849995
-6.659179
-2.274338
25.705120
11.199739
-13.248706
10.809947
3.519100
0.874598
-2.297570
-12.080298
8.186229
1.225348
-2.188125
6.171299
-2.921420
4.189728
-17.542361
-11.174746
-4.973332
-2.726678
-1.722130
7.263175
11.269040
-10.051569
-2.435335
-17.332473
-11.675665
16.776361
-5.166467
9.026050
-0.752684
-8.129568
11.439882
1.897413
-0.516964
0.270739
-4.438715
-5.199907
-8.116124
-6.651416
12.948332
-3.276427
10.471941
5.334673
1.086696
-2.651565
4.881176
-4.835991
-18.118447
-7.459166
-11.956326
-19.432905
-13.780012
0.451769
11.986094
8.008988
6.076614
15.823480
-3.999731
6.781119
-8.648755
-4.401554
13.857193
-16.560696
-7.044515
8.573731
2.124628
-5.595462
-6.178844
8.564283
-7.789551
3.828183
-0.631242
18.997143
4.327206
-2.212062
-1.199977
-2.424912
3.836352
-12.170521
6.500944
12.446983
-1.859999
-14.895752
-9.576365
11.558737
3.194906
8.415896
-13.299512
6.228279
6.771949
-11.582345
-12.040378
-11.014400
-4.908424
-13.786605
0.242717
-6.467019
0.034262
-2.723312
8.122059
-0.070262
10.851008
-2.627788
-2.781257
0.165805
14.073818
-6.632871
-7.671962
-11.021058
-12.724933
17.792586
-7.484454
-1.874360
5.898036
-4.830214
-7.119067
4.897199
8.962491
-4.143344
11.895670
-4.523481
0.203693
2.725624
3.569911
3.944780
-6.295770
Success.
